SRR11647697.sorted <- c(0.0,0.04713020016475635,0.09947621829337056,0.13659614995400496,0.1692966311589872,0.20309351378463758,0.2287437903302776,0.25572179731990013,0.2810512254176953,0.30117092761076886,0.32067143968218403,0.3395686686752411,0.3622994951036767,0.3795742056801006,0.3948317677869512,0.4164528241093917,0.43396089439550867,0.45094589371522875,0.4649737059958723,0.47960615514579313,0.492979071069285,0.5099320870785395,0.5291897629038274,0.5407895511709276,0.5549087443386156,0.5734844479883682,0.5846181937315419,0.59878646182005,0.6096817711375837,0.6207584884382871,0.6260012129966636,0.6412916045333042,0.651886033819051,0.6678230297434634,0.6776613668008499,0.6865984175537946,0.6918831096306656,0.6996939755627202,0.7104792893680707,0.7155067611702981,0.7266103850655201,0.730107734681348,0.7403312252552403,0.750236913410856,0.7561844553665288,0.7614874236208086,0.7683692505345782,0.775612539623768,0.7885028290845734,0.8004564644531734,0.8102362500533055,0.8120577757350577,0.8257799697156971,0.8277917030215937,0.8372132416997387,0.8453534172728829,0.8495743681350109,0.8504485786210692,0.8546275619647026,0.8544300777143677,0.8661339386583796,0.8734870540358877,0.8856534038026633,0.895433866298255,0.9060978465924744,0.9178050920137844,0.923603209296753,0.9338165464387514,0.9398468388643589,0.9533040282725695,0.9571597940342496,0.9585736594254647,0.9653857661068966,0.9741156868492074,0.980962822870673,0.9847043625235475,0.9900169765381265,0.9959115514240865,0.9959721335677196,1.0,0.9947767361860866,0.9935128031391703,0.9897533257566168,0.9900536981168091,0.987007160877067,0.9766156310053319,0.9618178501394066,0.9503459951141686,0.923640946218625,0.8983485781472423,0.8625039175324724,0.8238614787593589,0.7869370006626807,0.7397866628580015,0.6858392792958663,0.6256737648180877,0.5556694056113279,0.4684097965726075,0.368198639033989,0.25532412123739195)
SRR11647700.sorted <- c(0.0,0.05122988782637941,0.10850996874546631,0.15231306537643274,0.19592317554871228,0.23672966962997793,0.2690399300380622,0.30017836276006565,0.3282887046513214,0.35353824927861893,0.3760689836761274,0.39529344856369975,0.42082851269644195,0.44123079383888314,0.45788538999781514,0.47986633514465,0.4978254734011922,0.5159283373086483,0.5305956945281288,0.5477925459318397,0.5635894244966076,0.5785904029514758,0.5966078814587922,0.6129371631067845,0.6284585675073008,0.6431266974453345,0.6499096209062095,0.6659640079288651,0.6752424259576253,0.6862243020371372,0.687824408981385,0.6997383768158162,0.7099993064850985,0.7242826225835883,0.7325516770020993,0.742040081297719,0.7448139477244308,0.7523321128887716,0.7603015456882402,0.7640310717857468,0.7742419679287028,0.7733987388074133,0.7828828931509898,0.7930812326174547,0.7999864387893896,0.8062568566697879,0.8090554500902052,0.8147096249243461,0.8260427015863332,0.8356601498803542,0.8455144364109619,0.8488133650946416,0.8590205908244695,0.8566987647514387,0.864703742604359,0.8689915578566255,0.8724386553229008,0.873383883293226,0.8793680089496263,0.8777926289990842,0.8877937320548189,0.8932777156275953,0.9036769619179184,0.9141631390454878,0.9248898248227722,0.9337880653233084,0.9368149970762262,0.9435809207289286,0.9475965458707949,0.9548815432116772,0.9608021127670684,0.9628106014667357,0.9643069709452029,0.975189745870254,0.9832397345789041,0.9881142363927643,0.9910642826496288,0.9942177470656496,0.9958217176026639,1.0,0.9940463967264551,0.9929052846028681,0.9890482599440668,0.9905724472904527,0.9870801457888094,0.9823810510865485,0.9639949858293076,0.9536724318553996,0.9276011010466666,0.9033543519219153,0.8729843878011695,0.8389697034441418,0.803032108967225,0.7609118001657095,0.7088475694814035,0.6505884541552843,0.5846415619423749,0.4981938669714784,0.3960870305179397,0.2633007561630583)
SRR11647703.sorted <- c(0.0,0.05159046116756625,0.1104039016643238,0.15599414106512433,0.19693997632103244,0.2390602812145665,0.27171096636656616,0.30402148991497746,0.3374168821738866,0.36640269267776215,0.3906366136930247,0.4127921866560791,0.43908728668362107,0.46142241918926363,0.4802718789010384,0.5051149431454397,0.5220833199200209,0.5377472073483491,0.5503523230068712,0.5671073386915045,0.5820429726761883,0.5994573868005851,0.6203018531832473,0.6383402546025546,0.655237272554932,0.6734652487901193,0.6826281507870932,0.7012703301105615,0.7144624123216476,0.7276096046470868,0.7307577984998551,0.745823452193166,0.7565601828502753,0.7705456177814024,0.7776239121803608,0.7840814384793954,0.7879253361376098,0.7958273867648163,0.805466729619813,0.8123146727330608,0.8203558641213565,0.8234266184502795,0.8330137388088263,0.8453321672693715,0.8537981135517378,0.862936692742146,0.8682421049242952,0.8714215965061004,0.8830484345770157,0.8925738536983185,0.9043827551301449,0.9118119417826471,0.9231288429140153,0.9220586394251233,0.930123795931653,0.9326816251927046,0.932538549859965,0.9314511773311442,0.9329071476859353,0.931141598079929,0.9404629560079121,0.9429329727834949,0.9528194782757992,0.9606623314840846,0.9684395488834758,0.9752771190351,0.9756882817725603,0.9797421424815701,0.9790965150425828,0.9819968308813798,0.9813166865183691,0.9825190558458793,0.9811945359530426,0.9878568388220608,0.9938776276679079,0.9972851455612667,0.9969578607376248,1.0,0.9968049489757594,0.9989575173568263,0.9891423706867258,0.9832338959770793,0.9723279787390056,0.9652707879516262,0.9543621880510635,0.9376406162254581,0.911490201128149,0.8900839852203182,0.8604616683299174,0.8319220740200234,0.7967954702349654,0.7598385752558365,0.7221305347798249,0.6724343910177306,0.6213815354129333,0.56558394408616,0.5050900838063761,0.4307721060331291,0.34373061776351793,0.23562146559217093)
SRR11647690.sorted <- c(0.0,0.06065817937848872,0.12847612389143595,0.1790821333587352,0.2238856930726739,0.2686182999825754,0.302958869129905,0.3375728613756651,0.3694669307992598,0.39894429283672644,0.42597437114157377,0.4495063978064999,0.4772616843294068,0.5032862712400257,0.5213004433766243,0.5458550136290145,0.5640542118623288,0.5841916760600732,0.601159588340455,0.621064397901757,0.6375276044628138,0.654024131401457,0.6759614839955367,0.6921083429717425,0.7082438338191248,0.7276149293323791,0.7355451791979707,0.7526516650486683,0.7641581714403988,0.7760741264720011,0.7787709210320771,0.7930669310344625,0.8060842225464099,0.8196726645306345,0.8275239255011237,0.8334435845827005,0.8324041848042222,0.8379582997434527,0.847707646223047,0.8519979388406429,0.8607510060304003,0.8637900204685119,0.8737698655601165,0.8837189383030088,0.8875000171501943,0.8949922020516337,0.8995020171568584,0.9012013564137709,0.9136373053379441,0.9223211837436542,0.9320040854702966,0.935322991080135,0.9475507856455029,0.943669941667779,0.9522356307341675,0.9528108972530877,0.9531546851488921,0.9535029810957818,0.9560925624409176,0.9527334763757543,0.9616164930380992,0.9645014497304284,0.9733877984305318,0.9796381132590994,0.9873645208147499,0.9919986013281502,0.9917800588516269,0.9927698700681676,0.9898535530204629,0.9924170660701928,0.9922947606842281,0.9895036890558043,0.9900750355303026,0.9957193114912378,1.0,0.9989856885058221,0.9977924269837826,0.9961458123243453,0.9927365496905811,0.9928712032164748,0.9834440843883643,0.9805567756693819,0.970602606868741,0.9620917984242597,0.9507391537760906,0.9356354186205638,0.911111620716886,0.8920578527995879,0.8619472075857564,0.829363994352784,0.787004386333706,0.7444334879202851,0.7057926300420836,0.6578187344018982,0.6062509420356752,0.5489073562181607,0.48699966268017747,0.41459075814247126,0.33053618563605563,0.22387608896384015)
